1 0.34367396593673966 0.12526068821689262 0.24330900243308992 0.16075773375043448
1 0.840632603406326 0.16110531803962463 0.23236009732360088 0.17161974278762596
1 0.2554744525547445 0.33706986444212717 0.22262773722627732 0.16727493917274935
1 0.6411192214111923 0.7400503997219324 0.2031630170316302 0.2693778241223496
1 0.42274939172749393 0.578206465067779 0.13868613138686128 0.2585158150851581
1 0.3260340632603406 0.8573600973236009 0.28832116788321166 0.20855057351407708
1 0.8613138686131387 0.5673444560305874 0.14476885644768842 0.20637817170663894
1 0.13260340632603412 0.5553962460896767 0.22992700729927004 0.265033020507473
1 0.6873479318734793 0.35879388251651023 0.07907542579075433 0.3454118873826903
1 0.7335766423357665 0.3381560653458464 0.10340632603406334 0.3736531108793882
1 0.8813868613138683 0.3872523428791299 0.1873479318734793 0.14164059121533312
1 0.49695863746958635 0.4174487313173444 0.30170316301703165 0.37148070907194986
1 0.31934306569343063 0.49131039277024674 0.11922141119221408 0.30630865484880077
1 0.670316301703163 0.5510514424747999 0.1374695863746959 0.13468891206117461
1 0.29501216545012166 0.6781369482099407 0.21654501216545005 0.14989572471324292
